data0 CO2,data1 CO2
2032,2034
2032,2041
2043,2044
2038,2041
2034,2036
2026,2031
2028,2040
2034,2036
2031,2036
2033,2036
2027,2034
2039,2047
2034,2029
2022,2024
2021,2025
2021,2025
2032,2039
2038,2034
2024,2026
2017,2025
2016,2022
1961,1928
1878,1881
1859,1883
1878,1904
1891,1908
1899,1916
1902,1910
1890,1905
1888,1898
1879,1898
1887,1903
1889,1899
1888,1900
1886,1897
1881,1894
1889,1898
1883,1886
1877,1890
1882,1894
1880,1889
1881,1895
1880,1885
1872,1885
1874,1889
1872,1887
1874,1889
1874,1885
1873,1891
1878,1895
1874,1889
1877,1893
1874,1883
1873,1889
1876,1887
1870,1883
1872,1886
1873,1882
1869,1879
1867,1878
1865,1876
1869,1882
1870,1877
1869,1881
1868,1879
1862,1871
1861,1878
1860,1872
1861,1883
1867,1884
1863,1880
1866,1879
1864,1875
1865,1884
1871,1882
1863,1880
1871,1884
1864,1871
1869,1883
1873,1885
1871,1879
1874,1885
1874,1880
1873,1889
1876,1885
1872,1885
1879,1891
1880,1889
1879,1891
1879,1890
1873,1889
1881,1897
1878,1887
1872,1889
1876,1892
1876,1893
1882,1894
1878,1885
1879,1897
1887,1897
1882,1892
1880,1886
1874,1882
1876,1892
1882,1894
1883,1899
1895,1907
1890,1901
1888,1901
1889,1902
1886,1902
1889,1905
1889,1905
1890,1905
1897,1913
1898,1917
1906,1920
1898,1914
1885,1914
1879,1914
1862,1910
1856,1912
1837,1916
1823,1917
1811,1919
1795,1919
1797,1930
1793,1924
1797,1923
1802,1918
1823,1934
1853,1940
1865,1932
1871,1923
1879,1918
1888,1920
1906,1925
1906,1918
1908,1921
1918,1921
1928,1925
1938,1919
1940,1915
1954,1914
1971,1916
1990,1924
2002,1926
2004,1921
2011,1927
2010,1919
2008,1925
2011,1926
2006,1924
2016,1927
2022,1927
2034,1932
2053,1934
2061,1933
2075,1934
2082,1927
2081,1928
2081,1930
2066,1930
2053,1932
2031,1928
2008,1937
1995,1941
1971,1942
1958,1940
1940,1936
1932,1944
1935,1952
1928,1951
1925,1953
1915,1945
1907,1950
1904,1952
1890,1949
1885,1954
1880,1951
1870,1956
1873,1958
1870,1957
1879,1958
1886,1957
1892,1957
1905,1956
1908,1953
1922,1961
1923,1951
1918,1956
1919,1953
1906,1946
1914,1962
1915,1966
1912,1972
1912,1972
1905,1969
1907,1978
1906,1972
1906,1977
1915,1974
1916,1972
1927,1976
1928,1971
1929,1972
1938,1975
1933,1966
1939,1976
1935,1973
1932,1979
1926,1977
1918,1974
1917,1980
1907,1971
1902,1978
1904,1978
1903,1978
1912,1989
1910,1978
1911,1980
1918,1982
1915,1977
1929,1991
1934,1986
1939,1994
1942,1987
1941,1980
1956,1992
1965,1985
1972,1990
1989,1986
1998,1986
2019,1994
2024,1987
2034,1988
2051,1990
2061,1987
2074,1994
2077,1987
2087,2001
2093,1998
2086,1997
2089,2001
2080,1999
2072,2004
2069,2002
2054,1993
2054,2001
2041,1990
2036,2000
2039,2003
2033,2002
2036,2004
2025,1994
2026,2002
2031,2002
2029,2006
2031,2006
2026,2000
2027,2005
2030,2008
2021,2003
2024,2010
2013,2002
2015,2014
2007,2004
1992,2001
1997,2010
1993,2007
1997,2015
1993,2008
1980,2005
1984,2013
1973,2007
1970,2010
1970,2010
1963,2000
1973,2015
1974,2007
1974,2013
1978,2002
1982,2010
1996,2018
1996,2013
1992,2015
1991,2013
1978,2013
1973,2014
1959,2008
1956,2015
1948,2007
1937,2003
1945,2014
1958,2023
1972,2031
1977,2021
1962,2008
1971,2013
1972,2015
1984,2025
1979,2018
1969,2017
1971,2021
1973,2020
1979,2026
1982,2019
1981,2019
1994,2021
1994,2018
2005,2026
2014,2027
2012,2025
2020,2032
2020,2025
2022,2032
2016,2018
2009,2017
2016,2020
2011,2015
2017,2019
2019,2014
2029,2026
2038,2026
2035,2018
2040,2024
2040,2016
2039,2019
2047,2021
2043,2016
2053,2026
2056,2020
2056,2022
2059,2022
2051,2016
2057,2024
2058,2019
2054,2017
2051,2016
2049,2014
2052,2024
2050,2019
2044,2020
2047,2024
2041,2018
2046,2023
2044,2018
2041,2018
2049,2026
2049,2023
2055,2028
2050,2023
2047,2026
2051,2029
2043,2021
2047,2028
2042,2021
2037,2022
2036,2025
2029,2017
2031,2023
2026,2017
2026,2026
2027,2021
2014,2020
2014,2023
2006,2022
1998,2023
1997,2024
1985,2022
1985,2024
1974,2016
1965,2016
1971,2020
1968,2021
1976,2026
1975,2021
1971,2026
1978,2025
1972,2020
1970,2017
1967,2017
1966,2017
1967,2018
1961,2015
1973,2024
1969,2010
1973,2016
1980,2014
1980,2015
1987,2013
1988,2008
1992,2010
1998,2014
2002,2021
2013,2026
2007,2009
2003,2010
2005,2009
2007,2013
2019,2015
2016,2008
2019,2010
2024,2008
2017,2002
2020,1999
2014,1994
2016,1997
2016,1994
2009,1989
2010,1992
2005,1986
2000,1989
2002,1992
1996,1994
2003,2001
1996,1995
1991,1995
1992,1994
1985,1992
1989,1999
1982,1989
1981,1990
1980,1990
1977,1989
1986,1998
1985,1993
1984,1994
1986,1994
1984,1995
1988,1996
1982,1986
1983,1993
1982,1996
1986,2002
1989,2002
1979,1992
1985,2003
1988,2002
1988,2009
1991,2009
1985,2001
1987,2008
1992,2009
1988,2011
1992,2011
1989,2006
1993,2005
2001,2010
2004,2014
2010,2011
2004,2001
2006,2004
2012,1999
2007,1991
2008,1986
2004,1973
2006,1965
2009,1953
2000,1939
2000,1930
1994,1917
1997,1909
1991,1899
1981,1898
1985,1905
1977,1900
1980,1918
1985,1931
1982,1944
1988,1956
1984,1957
1989,1969
2000,1989
2000,1998
2006,2010
2001,2015
2008,2027
2008,2034
2005,2044
2006,2053
2002,2059
2006,2070
2003,2071
2000,2078
2006,2083
1998,2083
2001,2081
1996,2079
1992,2083
1992,2088
1989,2090
1986,2099
1991,2114
1998,2129
2003,2140
1996,2128
1994,2124
1987,2115
1991,2117
2000,2109
1999,2093
2000,2079
1998,2061
1993,2049
1997,2038
1991,2019
1995,2015
1998,2005
1999,2003
2000,1994
1991,1977
1996,1973
1998,1970
1994,1966
1999,1965
1994,1955
2000,1955
1999,1951
1995,1949
1998,1951
1990,1944
1989,1945
1986,1944
1985,1951
1988,1951
1985,1951
1992,1952
1989,1949
1996,1958
2001,1959
1996,1952
1997,1951
1999,1943
1997,1945
2005,1939
1994,1938
1996,1936
1992,1937
1994,1942
1995,1947
1989,1946
1995,1957
1998,1956
2001,1966
2005,1966
2001,1965
2008,1965
2004,1958
2001,1963
2007,1963
2002,1951
2006,1951
2000,1944
1998,1946
1998,1947
1996,1947
1999,1954
1997,1953
2001,1963
2003,1967
2002,1977
2006,1976
2000,1977
2003,1985
2001,1989
2001,2000
2005,2007
2002,2011
2004,2026
2007,2032
1999,2040
2006,2055
2005,2061
2009,2079
2016,2088
2008,2088
2015,2091
2010,2089
2016,2094
2020,2089
2016,2084
2018,2078
2014,2068
2016,2070
2019,2066
2015,2062
2016,2057
2009,2048
2009,2048
2004,2039
2002,2042
2007,2039
2006,2042
2020,2059
2027,2053
2017,2044
2013,2038
2010,2036
2019,2043
2027,2041
2022,2032
2023,2028
2015,2018
2021,2021
2019,2014
2016,2013
2018,2008
2014,2001
2019,2006
2021,1996
2019,1999
2019,1990
2015,1989
2018,1996
2022,1996
2018,1997
2022,2000
2014,1996
2021,2004
2019,2001
2022,2006
2019,2001
2020,1999
2020,1998
2020,1991
2020,1995
2025,1986
2016,1976
2016,1974
2018,1974
2020,1980
2022,1980
2019,1976
2018,1982
2016,1982
2019,1991
2024,1990
2024,1999
2031,2005
2027,1997
2026,2000
2024,1993
2023,1999
2030,2004
2027,2003
2027,2008
2028,2007
2022,2004
2030,2016
2027,2014
2030,2021
2032,2023
2030,2027
2036,2031
2032,2025
2032,2032
2036,2027
2029,2029
2036,2034
2033,2033
2034,2042
2038,2045
2033,2049
2034,2055
2027,2048
2026,2058
2032,2061
2027,2064
2033,2066
2028,2060
2022,2058
2026,2062
2025,2058
2031,2060
2025,2053
2028,2060
2030,2053
2024,2055
2023,2058
2028,2060
2032,2064
2030,2052
2017,2047
2020,2048
2025,2057
2037,2066
2035,2054
2025,2044
2029,2048
2028,2044
2032,2045
2030,2037
2024,2044
2041,2055
2043,2056
2045,2053
2039,2038
2030,2034
2036,2038
2035,2027
2040,2031
2038,2019
2037,2019
2037,2013
2031,2005
2032,2004
2032,1997
2031,2002
2037,2003
2031,1999
2038,2003
2032,1995
2033,1999
2038,2000
2032,1991
2037,1998
2037,1988
2035,1997
2036,1992
2028,1985
2028,1992
2029,1990
2027,1997
2037,2009
2033,2006
2041,2018
2035,2011
2036,2017
2038,2018
2031,2017
2037,2023
2034,2018
2039,2031
2042,2033
2036,2033
2038,2037
2036,2030
2033,2036
2036,2035
2030,2039
2039,2045
2035,2040
2033,2048
2037,2047
2032,2048
2033,2048
2031,2040
2027,2044
2028,2040
2025,2040
2032,2039
2024,2028
2030,2036
2031,2031
2024,2023
2028,2028
2027,2020
2029,2025
2026,2019
2021,2016
2027,2022
2024,2014
2025,2019
2026,2015
2021,2017
2028,2020
2027,2015
2031,2024
2032,2020
2026,2016
2030,2016
2024,2007
2020,2009
2020,2004
2017,2001
2019,2003
2017,1994
2012,1998
2016,1996
2012,1996
2013,1996
2004,1983
2004,1993
2006,1993
2004,1994
2005,2001
2000,1994
1999,2000
1999,1998
1993,2004
1998,2004
1990,1999
2002,2018
2018,2025
2019,2032
2021,2027
2018,2020
2020,2025
2024,2020
2017,2017
2020,2016
2015,2012
2016,2018
2014,2012
2007,2009
2014,2016
2014,2013
2023,2024
2023,2016
2017,2015
2022,2017
2019,2011
2022,2016
2024,2012
2022,2018
2028,2020
2018,2010
2022,2019
2021,2012
2014,2006
2019,2009
2013,2002
2017,2009
2019,2004
2015,2004
2016,2003
2006,1992
2006,1999
2007,1997
2003,2001
2008,2002
1997,1992
1999,1997
1999,1991
1992,1989
1994,1988
1986,1977
1983,1980
1984,1974
1976,1977
1982,1977
1980,1974
1988,1987
1990,1979
1980,1979
1988,1981
1981,1975
1987,1987
1987,1978
1982,1980
1983,1973
1976,1970
1981,1980
1978,1973
1981,1982
1986,1978
1978,1975
1983,1984
1981,1979
1980,1983
1981,1982
1977,1981
1985,1994
1988,1986
1987,1992
1989,1991
1984,1988
1991,1996
1991,1991
1990,1998
1998,2000
1991,1996
1994,2002
1991,1991
1991,1998
1998,2000
1994,1998
1998,2007
1994,1996
1994,1999
1996,1995
1991,1993
1998,1999
1995,1987
1990,1985
1994,1983
1987,1978
1993,1982
1990,1970
1982,1968
1979,1957
1972,1957
1987,1973
1991,1968
1991,1972
1990,1967
1986,1962
1990,1970
1985,1964
1988,1970
1986,1967
1985,1966
1987,1969
1982,1962
1980,1965
1986,1968
1986,1969
1993,1974
1985,1968
1989,1974
1991,1974
1988,1972
1990,1978
1988,1975
1992,1989
1998,1987
1994,1986
1997,1989
1997,1986
2001,1999
2006,1994
1995,1990
2000,1993
1994,1990
1999,1992
1998,1987
1991,1985
1998,1993
1994,1984
1996,1991
1997,1986
1991,1984
1995,1987
1991,1981
1992,1988
1998,1987
1994,1989
2006,1996
1996,1988
1999,1995
1998,1991
1993,1989
1999,1998
1996,1988
1996,1999
2001,1992
1998,1997
2006,1997
2001,1991
2004,1995
2000,1991
2001,1995
2008,2001
2001,1991
2002,1993
1998,1987
1998,1995
2008,1997
2002,1989
1998,1993
2002,1991
1996,1990
2009,2001
2005,1993
2009,2002
2009,1994
2006,1996
2009,1996
2004,1990
2008,1996
2013,1993
2013,1999
2019,1999
2012,1994
2016,1998
2015,1996
2012,1999
2022,2005
2015,1995
2018,2000
2012,1992
2008,1994
2017,2003
2014,1997
2019,2005
2016,1998
2013,2004
2016,2002
2010,2001
2013,2007
2011,2001
2012,2003
2015,2009
2017,2008
2028,2018
2025,2008
2019,2006
2025,2006
2019,2003
2026,2008
2019,1998
2014,1997
2017,2000
2012,1995
2019,2003
2020,1995
2016,1999
2019,1998
2014,1994
2019,2000
2020,1993
2014,1992
2017,1992
2010,1984
2018,1991
2011,1983
2012,1991
2017,1994
2013,1992
2015,1999
2009,1990
2010,1999
2016,1999